1. 71/104
2. 270
3. 43
4. 1
5. 98
6. 2
7. 2'12/65
8. 8
9. 24
10. 1'199/504
11. 12
12. 10
13. 5'43/546
14. 7
15. 12
16. 18
17. 12
18. 42
19. 8/99
20. 24
21. 12
22. 15
23. 8
24. 9
25. 1'3901/5005
26. 3
27. 20
28. 9'6/7
29. 1'13/14
30. 4'5/12
31. 48
32. 1
33. 2
34. 3'177/385
35. 1
36. 50
37. 4
38. 2'101/264
39. 12
40. 16
41. 19/130
42. 172
43. 6953/10010
44. 277/468
45. 73/1716
46. 7
47. 3'41/56
48. 2'1/2
49. 76
50. 3
51. 1'29/39
52. 21
53. 5'473/546
54. 1/13
55. 28
56. 64/65
57. 2
58. 2'19/88
59. 80
60. 55/72
61. 2
62. 2
63. 3'17/24
64. 48
65. 20
66. 171
67. 3
68. 13
69. 6'7/12
70. 201/440
71. 15
72. 11
73. 2'1/12
74. 24
75. 4
76. 5'71/660
77. 50
78. 142
79. 10
80. 10'6/7
81. 2'89/312
82. 6
83. 1'17/60
84. 16
85. 3/13
86. 14
87. 22
88. 3/220
89. 56
90. 7/36
91. 7'7/8
92. 1'95/156
93. 2'1/2
94. 15
95. 10'3/5
96. 19
97. 1'148/1287
98. 9'58/77
99. 1/14641
100. 24/715
101. 42
102. 42
103. 7
104. 1680
105. 2'13/396
106. 11
107. 4'5/6
108. 11
109. 8
110. 42
111. 5
112. 11
113. 13
114. 2'5/7
115. 71
116. 8
117. 1'13/22
118. 10
119. 7'5/9
120. 97/104
121. 1/891
122. 7'19/35
123. 2'113/130
124. 24
125. 4
126. 6
127. 2'95/252
128. 92
129. 9
130. 8
131. 1/1430
132. 2
133. 3'19/52
134. 4'3/308
135. 14
136. 3
137. 16
138. 7
139. 697/792
140. 2'1/10
141. 25/91
142. 2'299/990
143. 100
144. 882
145. 6'1/55
146. 1'3/7
147. 22
148. 9'5/8
149. 1'67/520
150. 6
151. 521/924
152. 15
153. 32
154. 33/52
155. 1/72
156. 1
157. 97/130
158. 1'1/33
159. 21
160. 9'9/11
161. 4
162. 1/13
163. 1'76/91
164. 307/819
165. 3'13/24
166. 7'466/585
167. 5
168. 2'13/45
169. 1'5/44
170. 22/39
171. 3/88
172. 121
173. 2'387/1001
174. 154
175. 1'68/99
176. 41/143
177. 17/104
178. 21/40
179. 257/360
180. 600
181. 5'250/429
182. 1'29/42
183. 10
184. 7'1/6
185. 7
186. 1
187. 1'149/396
188. 8
189. 1'72/91
190. 9
191. 5
192. 21
193. 8'3/10
194. 2'61/280
195. 1'27/28
196. 25/104
197. 7/11
198. 3
199. 13/120
200. 5'32/55
201. 6
202. 2'9/10
203. 1/11
204. 11'29/45
205. 70
206. 14'4/5
207. 1
208. 1/715
209. 14
210. 1
211. 23/36
212. 9'4/7
213. 10'73/91
214. 508/819
215. 18
216. 7'1/4
217. 4
218. 8'13/44
219. 6
220. 68
221. 1/24
222. 3'11/56
223. 1
224. 3'33/40
225. 75
226. 40
227. 1'283/312
228. 4
229. 241/1092
230. 23'1/12
231. 12
232. 1'1/2
233. 1'3/7
234. 1'2/65
235. 1'11/18
236. 30
237. 16
238. 20
239. 22
240. 24
241. 38/39
242. 2'7/8
243. 1'471/1144
244. 9/13
245. 192
246. 4
247. 1'5/7
248. 6
249. 5'865/1001
250. 1'83/195
251. 26
252. 1/13
253. 3'2/3
254. 168
255. 60
256. 59
257. 3'69/154
258. 5
259. 88
260. 9
261. 50
262. 2'995/1716
263. 1/110
264. 9'56/65
265. 8
266. 105
267. 27
268. 2
269. 2'5/24
270. 32
271. 1/12
272. 16
273. 259/390
274. 12'3/35
275. 1'11/210
276. 1
277. 295/616
278. 1/117
279. 7/40
280. 7
281. 5/13
282. 3
283. 1/49
284. 56
285. 1'439/546
286. 13
287. 16
288. 6'9/22
289. 7'1/26
290. 1/44
291. 37
292. 7
293. 60
294. 40
295. 1'4/5
296. 88
297. 7
298. 40
299. 1/169
300. 4'29/42
301. 6
302. 32
303. 72
304. 10'11/70
305. 1'29/42
306. 8'3/77
307. 107/396
308. 85
309. 15'43/44
310. 1/11
311. 67/77
312. 1/3025
313. 65/396
314. 17/24
315. 1'59/65
316. 41/60
317. 65/72
318. 7/104
319. 3'29/36
320. 1
321. 9/35
322. 15
323. 11
324. 1/13
325. 2
326. 19
327. 1'31/99
328. 175/264
329. 1'1/6
330. 15
331. 2
332. 173/180
333. 1'3/5
334. 11
335. 8
336. 4/5
337. 5
338. 12
339. 1/81
340. 3
341. 10'7/12
342. 18
343. 1'23/24
344. 2
345. 39
346. 10
347. 1'335/1144
348. 169
349. 1
350. 2'1/12
351. 15'1/4
352. 59
353. 4
354. 337/630
355. 88
356. 1'191/780
357. 12
358. 1'20/99
359. 14'9/88
360. 4/21
361. 22
362. 10
363. 6'1/3
364. 14
365. 5'14/33
366. 22
367. 5
368. 1/28561
369. 3'977/1170
370. 253/420
371. 2'43/60
372. 16
373. 1'19/104
374. 72
375. 3
376. 10
377. 2907/8008
378. 30
379. 523/585
380. 20
381. 49/55
382. 66
383. 1'1/26
384. 125
385. 605/1092
386. 5'113/120
387. 2'54/55
388. 1/104
389. 106
390. 11
391. 30
392. 120
393. 17
394. 90
395. 1
396. 3'2/15
397. 47/156
398. 1
399. 24
400. 189
401. 12'41/462
402. 209
403. 5
404. 3'2/11
405. 64
406. 2'83/90
407. 7
408. 6'5/33
409. 30
410. 1'79/280
411. 20
412. 24
413. 1
414. 1'145/312
415. 35
416. 2'11/15
417. 12
418. 10'47/110
419. 1
420. 2'97/273
421. 6
422. 1/18
423. 1
424. 2'325/616
425. 3
426. 1'61/468
427. 891
428. 97/360
429. 7
430. 2'3/5
431. 4
432. 13/56
433. 5/104
434. 80
435. 30
436. 11/56
437. 6
438. 3
439. 7
440. 12
441. 8'1/4
442. 17/78
443. 1
444. 12'1/104
445. 397/420
446. 14
447. 1'7/24
448. 3'1/4
449. 1'73/572
450. 4'3/8
451. 11
452. 29/90
453. 9
454. 60
455. 2
456. 21/130
457. 5
458. 659/780
459. 16'99/104
460. 13
461. 1'6/65
462. 2
463. 1'559/616
464. 8/91
465. 216
466. 220
467. 14
468. 120
469. 15'1/220
470. 24
471. 11
472. 1/63
473. 4'71/120
474. 18
475. 1'59/60
476. 1'133/936
477. 2'125/312
478. 4'19/24
479. 12
480. 99
481. 1/490
482. 18
483. 79/104
484. 1/36
485. 5
486. 6'7/330
487. 6
488. 1/28561
489. 4'85/126
490. 24
491. 48
492. 1/1296
493. 42
494. 109/156
495. 4
496. 6'7/90
497. 1'1/4
498. 16
499. 168
500. 2'41/44
501. 13'23/24
502. 1'3611/5148
503. 10
504. 17
505. 1/143
506. 1/50
507. 3'16/55
508. 17/78
509. 1'23/1092
510. 3'2/11
511. 1'38/45
512. 120
513. 11
514. 3'71/168
515. 30
516. 849/2002
517. 15
518. 26
519. 69/88
520. 252
521. 2'17/520
522. 63
523. 2'23/140
524. 3'173/429
525. 4'37/770
526. 10
527. 12
528. 2'14/15
529. 5
530. 527/572
531. 6'1058/1155
532. 7'1/7
533. 11
534. 10
535. 3'8/15
536. 8
537. 14
538. 19
539. 1'7/40
540. 21
541. 8
542. 10'3/10
543. 9
544. 7/8
545. 8'3/10
546. 7'3/8
547. 20
548. 14
549. 17/45
550. 264
551. 13
552. 22
553. 6
554. 16/99
555. 2'9/28
556. 6'16/21
557. 29/104
558. 21
559. 1/6
560. 421/1320
561. 11/91
562. 1'1/2
563. 1
564. 144
565. 9'1/2
566. 11
567. 5
568. 1411/1638
569. 8'7/10
570. 114/143
571. 23
572. 3'43/45
573. 421/715
574. 17/56
575. 1'61/72
576. 4
577. 7/360
578. 6'378/715
579. 5'7/10
580. 75
581. 1'201/1001
582. 9'1255/1287
583. 4
584. 2'321/616
585. 77
586. 4
587. 1/2
588. 4'2/9
589. 6
590. 14'1/14
591. 2'46/63
592. 3'9/20
593. 2'27/70
594. 47
595. 2
596. 5'49/132
597. 14'7/24
598. 12
599. 6
600. 5
601. 53/117
602. 4
603. 14
604. 3'47/728
605. 3'37/44
606. 25/156
607. 36/143
608. 6
609. 2'157/455
610. 2
611. 144
612. 13'2/7
613. 1'59/385
614. 1'33/56
615. 90
616. 47/77
617. 264
618. 1'113/130
619. 1'23/24
620. 10
621. 18
622. 67/117
623. 14
624. 81
625. 1'605/936
626. 16
627. 17
628. 1
629. 2'6/65
630. 55
631. 77/104
632. 184
633. 1'112/495
634. 1
635. 32
636. 8
637. 14'331/396
638. 40
639. 18
640. 10
641. 108
642. 10
643. 40
644. 13
645. 4
646. 2'13/36
647. 1/7
648. 4
649. 144
650. 7
651. 6'1/5
652. 5'8/9
653. 8
654. 43
655. 20
656. 14
657. 1'7/90
658. 7
659. 11
660. 1'17/20
661. 2
662. 1'41/165
663. 7'4/13
664. 1'9/10
665. 1
666. 4'467/616
667. 10
668. 12'20/21
669. 88
670. 6
671. 33
672. 50
673. 3'7/9
674. 1'163/468
675. 1/72
676. 132
677. 3
678. 11
679. 6'139/168
680. 29
681. 1'487/585
682. 25
683. 9
684. 4'1/280
685. 5'2/5
686. 12
687. 1/24
688. 1/7
689. 2
690. 7
691. 8'65/99
692. 3'4/5
693. 83
694. 2'77/260
695. 1'17/120
696. 1
697. 14
698. 3'8/15
699. 15
700. 9
701. 4'9/88
702. 4
703. 43/84
704. 34
705. 2/45
706. 13
707. 7
708. 12
709. 33
710. 13'9/11
711. 72
712. 22
713. 11
714. 18
715. 1'2/35
716. 23
717. 9
718. 6'18/77
719. 10
720. 4
721. 14
722. 54
723. 3
724. 16/65
725. 99
726. 6
727. 2'2/5
728. 2
729. 14
730. 78
731. 19/65
732. 48
733. 5'117/154
734. 3
735. 80/117
736. 13
737. 2'149/308
738. 23
739. 1'5/24
740. 29/36
741. 4'1/8
742. 17
743. 56
744. 96
745. 18
746. 5
747. 1'11/12
748. 10
749. 132
750. 70
751. 17/110
752. 2
753. 1'146/693
754. 2'193/264
755. 3'85/182
756. 7/10
757. 8
758. 10
759. 13
760. 5
761. 2
762. 3'23/72
763. 7'3/14
764. 1'893/1716
765. 4'49/60
766. 21'2/9
767. 1'11/156
768. 16
769. 7
770. 11'23/28
771. 13
772. 18
773. 83
774. 9/22
775. 14
776. 216
777. 2'77/234
778. 15
779. 60
780. 30/91
781. 1'21/220
782. 1/7
783. 25/52
784. 70
785. 1/6
786. 257/455
787. 4
788. 1/121
789. 2
790. 160
791. 433/455
792. 72
793. 35
794. 1/99
795. 10
796. 600
797. 45
798. 2
799. 41/44
800. 10'11/20
801. 2'331/858
802. 7'179/312
803. 16
804. 30
805. 48
806. 3'11/40
807. 16
808. 7
809. 31/40
810. 24
811. 389/546
812. 5336/9009
813. 1'14/33
814. 9'4/5
815. 24
816. 1'35/78
817. 7
818. 1
819. 2
820. 9'1/13
821. 44
822. 36
823. 43
824. 11'43/44
825. 126/143
826. 106/143
827. 2'3/4
828. 154
829. 4/39
830. 88
831. 13/35
832. 4
833. 6'41/110
834. 7
835. 19/132
836. 77
837. 4
838. 14
839. 99
840. 1'29/156
841. 56
842. 84
843. 2
844. 8
845. 72
846. 10'5/6
847. 6
848. 4'347/1848
849. 13'337/468
850. 67/195
851. 97/132
852. 3'59/72
853. 15
854. 72
855. 60
856. 390
857. 5651/5720
858. 6
859. 9'1/5
860. 14
861. 43
862. 44
863. 10/63
864. 3'23/26
865. 7
866. 27
867. 63
868. 43
869. 8
870. 1'13/18
871. 28
872. 54
873. 10
874. 1'251/264
875. 99/130
876. 4
877. 5
878. 2'13/110
879. 15
880. 1511/5544
881. 9
882. 10
883. 1'17/26
884. 20
885. 31
886. 3
887. 1/28561
888. 2
889. 4
890. 14'17/18
891. 9
892. 1'159/280
893. 1/130
894. 96
895. 4'7/72
896. 3'20/39
897. 1/55
898. 19
899. 2'11/15
900. 4
901. 1089
902. 4
903. 7'32/45
904. 2'7/15
905. 1/18
906. 33
907. 1/3025
908. 3'5/44
909. 43/234
910. 4'1/5
911. 1'14/39
912. 92
913. 10
914. 1'17/66
915. 756
916. 12'3/8
917. 2'85/154
918. 1'45/91
919. 6'9/13
920. 81
921. 1/14641
922. 48
923. 12
924. 6
925. 1'29/90
926. 1/13689
927. 3
928. 110
929. 1/1352
930. 156
931. 7/396
932. 18
933. 31
934. 1
935. 1'4/33
936. 5
937. 8/495
938. 4'11/84
939. 20
940. 6
941. 19
942. 2'2373/5720
943. 6
944. 10
945. 14
946. 19
947. 1/20449
948. 1/4
949. 37
950. 2'31/44
951. 40
952. 1'13/40
953. 729
954. 335/616
955. 12
956. 11
957. 120
958. 1'40/91
959. 1'31/104
960. 1'5/24
961. 43/91
962. 1/132
963. 1'11/36
964. 10'8/11
965. 59/70
966. 1'227/234
967. 1/16
968. 9
969. 2/3
970. 10
971. 27
972. 21
973. 1'115/572
974. 61/120
975. 15
976. 1'2/5
977. 7
978. 4
979. 1/52
980. 1/143
981. 3'29/65
982. 9
983. 108
984. 10
985. 7
986. 12
987. 5'1/280
988. 2
989. 9
990. 560
991. 6
992. 1'4/5
993. 24
994. 5'49/156
995. 1/729
996. 12
997. 3
998. 18
999. 7'83/130
1000. 1'11/28
1001. 1/6
1002. 1/13
1003. 1'9/10
1004. 341/1092
1005. 161/396
1006. 19
1007. 73/140
1008. 29/30
1009. 2'129/140
1010. 13/90
1011. 3
1012. 69/140
1013. 12
1014. 13
1015. 77
1016. 25
1017. 6
1018. 10
1019. 15
1020. 9
1021. 6
1022. 16'113/198
1023. 45
1024. 74/91
1025. 5'1/3
1026. 48
1027. 7
1028. 1'7/55
1029. 308
1030. 60
1031. 13
1032. 1/9
1033. 1'109/180
1034. 3'2987/3640
1035. 1'17/18
1036. 1'2/65
1037. 1'107/117
1038. 6'835/1386
1039. 9
1040. 21
1041. 6
1042. 1
1043. 28/143
1044. 49
1045. 1'2435/3276
1046. 5
1047. 23
1048. 1'19/140
1049. 4'89/126
1050. 16
1051. 6'8/9
1052. 121
1053. 10/11
1054. 618/1573
1055. 16
1056. 72
1057. 13
1058. 29
1059. 9
1060. 1/26
1061. 48
1062. 324
1063. 7'11/18
1064. 2'2487/2860
1065. 5/99
1066. 4
1067. 3'3/44
1068. 2'23/55
1069. 81
1070. 32/35
1071. 8'15/28
1072. 4'23/264
1073. 615/1144
1074. 24
1075. 9/14
1076. 5'116/1001
1077. 2'23/40
1078. 84
1079. 66
1080. 5
1081. 4'9/385
1082. 9
1083. 4
1084. 7
1085. 4'47/264
1086. 443/520
1087. 1
1088. 70
1089. 1619/2340
1090. 5
1091. 1
1092. 120
1093. 11'13/21
1094. 20
1095. 50
1096. 18
1097. 1'76/99
1098. 2'13/132
1099. 16
1100. 1
1101. 17
1102. 7'2/13
1103. 72
1104. 13
1105. 3'11/12
1106. 21
1107. 144
1108. 5'3/4
1109. 45/52
1110. 5'43/90
1111. 9
1112. 9'26/77
1113. 5
1114. 1'9/280
1115. 8
1116. 3
1117. 11'73/120
1118. 1'197/396
1119. 240
1120. 19/924
1121. 1'37/90
1122. 1134
1123. 413/572
1124. 186
1125. 3'46/55
1126. 10
1127. 347/420
1128. 1'83/468
1129. 60
1130. 19/30
1131. 6/91
1132. 400
1133. 17
1134. 62/91
1135. 1/130
1136. 70
1137. 1'331/585
1138. 18
1139. 2'8/45
1140. 48
1141. 5/11
1142. 9'5/8
1143. 8'739/924
1144. 2
1145. 30
1146. 1/2
1147. 11
1148. 24
1149. 26
1150. 32/55
1151. 5
1152. 4
1153. 43/91
1154. 3'194/585
1155. 36
1156. 1
1157. 10
1158. 19/40
1159. 22
1160. 7'34/45
1161. 20
1162. 4'73/572
1163. 8'19/84
1164. 18
1165. 12
1166. 173/936
1167. 6
1168. 9'679/1287
1169. 25/42
1170. 36/55
1171. 1'9/143
1172. 1'17/252
1173. 2'25/28
1174. 93/280
1175. 18
1176. 10'25/36
1177. 1/9
1178. 44
1179. 15/91
1180. 48
1181. 5
1182. 16
1183. 1'281/420
1184. 8
1185. 8'43/105
1186. 53/88
1187. 44
1188. 15
1189. 2'23/35
1190. 3
1191. 2'2/15
1192. 16
1193. 1/25
1194. 90
1195. 13'9/70
1196. 38
1197. 1'1/3
1198. 11
1199. 4'7/13
1200. 163/520
1201. 12
1202. 48
1203. 1'3/26
1204. 5
1205. 11
1206. 42
1207. 2473/6930
1208. 3'1/9
1209. 30
1210. 3'929/936
1211. 1'31/504
1212. 23/63
1213. 1'23/24
1214. 1'13/56
1215. 15
1216. 2
1217. 3'1/15
1218. 62/117
1219. 347/1521
1220. 108
1221. 13
1222. 1'25/143
1223. 19
1224. 24
1225. 16
1226. 29/36
1227. 20
1228. 73
1229. 83/132
1230. 3
1231. 1/81
1232. 5/18
1233. 61/396
1234. 16/21
